Version 0.9.7
5
 4 10 175 77 128 0 1
 5 100 400 206 81 2 2
 0 134 99 877 276 27 5
 1 402 422 206 81 347 11
 3 55 526 203 58 410 15
 0
19
 255 5 71 189 71 189 71 126 71 126 187 126 187 126 0 1 0 5
 255 5 71 202 71 202 408 202 408 202 408 204 408 204 0 1 0 5
 0 5 71 288 71 288 71 347 71 347 187 347 187 347 0 1 0 5
 0 5 187 360 187 360 187 491 187 491 417 491 417 491 0 5 0 11
 255 5 71 228 55 228 55 435 417 435 417 433 417 433 0 1 0 11
 65793 5 265 360 265 360 392 360 392 560 66 560 66 563 0 5 0 15
 16777088 5 101 570 101 570 101 269 101 269 460 269 460 269 0 15 0 5
 12615808 5 121 570 121 570 121 282 121 282 473 282 473 282 0 15 0 5
 8388736 5 141 570 141 570 141 570 141 295 486 295 486 295 0 15 0 5
 65793 5 499 295 499 295 526 295 526 347 499 347 499 347 0 5 0 5
 16777215 5 458 433 458 412 419 412 419 295 421 295 421 295 0 11 0 5
 4259584 5 477 433 477 391 368 391 368 178 434 178 434 178 0 11 0 5
 12615935 5 239 347 239 347 239 347 239 360 239 360 239 360 0 5 0 5
 12632256 5 534 433 534 398 1114 398 1114 186 421 186 421 204 0 11 0 5
 12615680 5 515 433 515 382 1100 382 1100 194 499 194 499 191 0 11 0 5
 16711935 5 591 433 591 437 1179 437 1179 119 486 119 486 178 0 11 0 5
 32768 5 553 433 553 413 1130 413 1130 161 447 161 447 204 0 11 0 5
 4194368 5 572 433 572 423 1163 423 1163 139 460 139 460 191 0 11 0 5
 65535 5 496 446 496 359 1068 359 1068 169 473 169 473 178 0 11 0 5
1
 7085 1 16 402 217 5 0 0 10036 5
