Version 0.9.7
5
 4 10 175 77 128 0 1
 5 80 400 206 81 2 2
 0 110 110 877 276 8 3
 1 452 479 206 81 140 4
 3 121 434 203 58 150 5
 0
23
 255 5 71 202 71 202 105 202 105 124 163 124 163 124 0 1 0 3
 255 5 71 189 93 189 93 395 467 395 467 490 467 490 0 1 0 4
 0 5 71 288 71 288 71 371 71 371 163 371 163 371 0 1 0 3
 0 5 176 358 176 358 176 358 176 371 176 371 176 371 0 3 0 3
 0 5 189 371 189 371 189 408 132 408 132 471 132 471 0 3 0 5
 16711680 5 207 478 207 478 207 414 390 414 390 319 397 319 0 5 0 3
 16711680 5 227 478 227 443 405 443 405 332 449 332 449 280 0 5 0 3
 16711680 5 247 478 247 478 247 182 475 182 475 215 475 215 0 5 0 3
 0 5 202 358 202 358 202 168 436 168 436 189 436 189 0 3 0 3
 0 5 436 202 436 202 436 202 423 202 423 202 423 202 0 3 0 3
 10485760 5 167 478 121 478 121 210 397 210 397 215 397 215 0 5 0 3
 10485760 5 187 478 187 478 187 299 314 299 314 215 410 215 0 5 0 3
 4194432 5 508 516 508 508 326 508 326 189 384 189 384 189 0 4 0 3
 0 5 467 548 467 548 95 548 95 388 215 388 215 371 0 4 0 3
 8388736 5 527 503 519 503 519 380 423 380 423 280 423 280 0 4 0 3
 8388736 5 546 516 555 516 555 341 462 341 462 306 462 306 0 4 0 3
 8388736 5 565 516 565 516 575 516 575 165 449 165 449 189 0 4 0 3
 16776960 5 584 516 593 516 593 561 384 561 384 319 384 319 0 4 0 3
 16776960 5 603 516 603 508 671 508 671 330 410 330 410 319 0 4 0 3
 16776960 5 622 516 622 516 614 516 614 405 475 405 475 319 0 4 0 3
 16776960 5 641 516 723 516 723 426 458 426 458 189 462 189 0 4 0 3
 255 5 176 124 176 124 176 124 176 137 176 137 176 137 0 3 0 3
 255 5 189 137 195 137 195 339 436 339 436 319 436 319 0 3 0 3
1
 7083 1 16 378 228 5 0 0 8583448 3
