Version 0.9.7
6
 4 10 175 77 128 0 1
 5 80 400 206 81 2 2
 0 185 114 877 276 8 3
 1 188 465 206 81 140 4
 1 805 461 206 81 150 5
 3 1037 10 203 58 160 6
 0
22
 16776960 5 244 476 244 476 244 457 446 457 446 297 446 297 0 4 0 3
 16776960 5 263 476 263 447 478 447 478 310 472 310 472 310 0 4 0 3
 16776960 5 282 476 282 476 282 436 537 436 537 323 537 323 0 4 0 3
 16776960 5 301 476 308 476 308 81 524 81 524 219 524 219 0 4 0 3
 16744703 5 861 472 842 472 842 96 446 96 446 219 446 219 0 5 0 3
 16744703 5 880 472 880 472 880 452 485 452 485 310 485 310 0 5 0 3
 16744703 5 899 472 899 472 899 442 530 442 530 323 524 323 0 5 0 3
 16744703 5 918 472 922 472 922 103 511 103 511 219 511 219 0 5 0 3
 255 5 820 472 820 472 820 430 935 430 935 141 940 141 0 5 0 3
 0 5 203 534 148 534 148 418 248 418 248 362 251 362 0 4 0 3
 0 5 71 288 71 288 70 288 70 362 238 362 238 362 0 1 0 3
 255 5 203 476 203 476 130 476 130 202 71 202 71 202 0 4 0 1
 255 5 71 189 71 189 72 189 72 141 238 141 238 141 0 1 0 3
 0 5 71 249 71 249 115 249 115 47 1048 47 1048 47 0 1 0 6
 0 5 71 262 96 262 96 59 491 59 491 219 485 219 0 1 0 3
 0 5 71 275 145 275 145 34 498 34 498 219 498 219 0 1 0 3
 8454016 5 1143 54 1143 54 1143 73 478 73 478 219 472 219 0 6 0 3
 8454016 5 1163 54 1163 54 1163 113 459 113 459 219 459 219 0 6 0 3
 8454016 5 1183 54 1183 54 1183 400 459 400 459 297 459 297 0 6 0 3
 8454016 5 1203 54 1203 54 1203 417 511 417 511 284 511 284 0 6 0 3
 8454016 5 1223 54 1223 54 1223 88 537 88 537 206 537 206 0 6 0 3
 0 5 820 530 820 530 524 530 524 530 524 362 524 362 0 5 0 3
1
 7083 1 16 440 232 5 0 0 2028 3
